2025/03/21-23:29:28.019446 ffff43dfcc40 RocksDB version: 6.20.3
2025/03/21-23:29:28.019831 ffff43dfcc40 Git sha 0f6bd2edd1ad16fc815ded6ed382d5453daafa42
2025/03/21-23:29:28.019833 ffff43dfcc40 Compile date 2023-03-31 14:02:43
2025/03/21-23:29:28.019901 ffff43dfcc40 DB SUMMARY
2025/03/21-23:29:28.019903 ffff43dfcc40 DB Session ID:  JHGB3DKUYTDTM5JVUPLO
2025/03/21-23:29:28.020877 ffff43dfcc40 SST files in /data/db dir, Total Num: 0, files: 
2025/03/21-23:29:28.020880 ffff43dfcc40 Write Ahead Log file in /data/db: 
2025/03/21-23:29:28.020881 ffff43dfcc40                         Options.error_if_exists: 0
2025/03/21-23:29:28.020882 ffff43dfcc40                       Options.create_if_missing: 1
2025/03/21-23:29:28.020883 ffff43dfcc40                         Options.paranoid_checks: 1
2025/03/21-23:29:28.020883 ffff43dfcc40                               Options.track_and_verify_wals_in_manifest: 0
2025/03/21-23:29:28.020884 ffff43dfcc40                                     Options.env: 0x4457440
2025/03/21-23:29:28.020885 ffff43dfcc40                                      Options.fs: Posix File System
2025/03/21-23:29:28.020886 ffff43dfcc40                                Options.info_log: 0xffffb99fee80
2025/03/21-23:29:28.020887 ffff43dfcc40                Options.max_file_opening_threads: 16
2025/03/21-23:29:28.020888 ffff43dfcc40                              Options.statistics: (nil)
2025/03/21-23:29:28.020889 ffff43dfcc40                               Options.use_fsync: 0
2025/03/21-23:29:28.020889 ffff43dfcc40                       Options.max_log_file_size: 4194304
2025/03/21-23:29:28.020890 ffff43dfcc40                  Options.max_manifest_file_size: 1073741824
2025/03/21-23:29:28.020891 ffff43dfcc40                   Options.log_file_time_to_roll: 0
2025/03/21-23:29:28.020891 ffff43dfcc40                       Options.keep_log_file_num: 5
2025/03/21-23:29:28.020892 ffff43dfcc40                    Options.recycle_log_file_num: 0
2025/03/21-23:29:28.020893 ffff43dfcc40                         Options.allow_fallocate: 1
2025/03/21-23:29:28.020893 ffff43dfcc40                        Options.allow_mmap_reads: 0
2025/03/21-23:29:28.020894 ffff43dfcc40                       Options.allow_mmap_writes: 0
2025/03/21-23:29:28.020895 ffff43dfcc40                        Options.use_direct_reads: 0
2025/03/21-23:29:28.020895 ffff43dfcc40                        Options.use_direct_io_for_flush_and_compaction: 0
2025/03/21-23:29:28.020896 ffff43dfcc40          Options.create_missing_column_families: 0
2025/03/21-23:29:28.020897 ffff43dfcc40                              Options.db_log_dir: 
2025/03/21-23:29:28.020897 ffff43dfcc40                                 Options.wal_dir: /data/db
2025/03/21-23:29:28.020898 ffff43dfcc40                Options.table_cache_numshardbits: 6
2025/03/21-23:29:28.020899 ffff43dfcc40                         Options.WAL_ttl_seconds: 86400
2025/03/21-23:29:28.020899 ffff43dfcc40                       Options.WAL_size_limit_MB: 1024
2025/03/21-23:29:28.020900 ffff43dfcc40                        Options.max_write_batch_group_size_bytes: 1048576
2025/03/21-23:29:28.020901 ffff43dfcc40             Options.manifest_preallocation_size: 4194304
2025/03/21-23:29:28.020901 ffff43dfcc40                     Options.is_fd_close_on_exec: 1
2025/03/21-23:29:28.020902 ffff43dfcc40                   Options.advise_random_on_open: 1
2025/03/21-23:29:28.020903 ffff43dfcc40                    Options.db_write_buffer_size: 0
2025/03/21-23:29:28.020903 ffff43dfcc40                    Options.write_buffer_manager: 0xffffb8c5d070
2025/03/21-23:29:28.020904 ffff43dfcc40         Options.access_hint_on_compaction_start: 1
2025/03/21-23:29:28.020904 ffff43dfcc40  Options.new_table_reader_for_compaction_inputs: 0
2025/03/21-23:29:28.020905 ffff43dfcc40           Options.random_access_max_buffer_size: 1048576
2025/03/21-23:29:28.020906 ffff43dfcc40                      Options.use_adaptive_mutex: 0
2025/03/21-23:29:28.020906 ffff43dfcc40                            Options.rate_limiter: (nil)
2025/03/21-23:29:28.020907 ffff43dfcc40     Options.sst_file_manager.rate_bytes_per_sec: 0
2025/03/21-23:29:28.020908 ffff43dfcc40                       Options.wal_recovery_mode: 2
2025/03/21-23:29:28.021072 ffff43dfcc40                  Options.enable_thread_tracking: 0
2025/03/21-23:29:28.021074 ffff43dfcc40                  Options.enable_pipelined_write: 0
2025/03/21-23:29:28.021074 ffff43dfcc40                  Options.unordered_write: 0
2025/03/21-23:29:28.021075 ffff43dfcc40         Options.allow_concurrent_memtable_write: 1
2025/03/21-23:29:28.021076 ffff43dfcc40      Options.enable_write_thread_adaptive_yield: 1
2025/03/21-23:29:28.021076 ffff43dfcc40             Options.write_thread_max_yield_usec: 100
2025/03/21-23:29:28.021077 ffff43dfcc40            Options.write_thread_slow_yield_usec: 3
2025/03/21-23:29:28.021077 ffff43dfcc40                               Options.row_cache: None
2025/03/21-23:29:28.021078 ffff43dfcc40                              Options.wal_filter: None
2025/03/21-23:29:28.021079 ffff43dfcc40             Options.avoid_flush_during_recovery: 0
2025/03/21-23:29:28.021080 ffff43dfcc40             Options.allow_ingest_behind: 0
2025/03/21-23:29:28.021080 ffff43dfcc40             Options.preserve_deletes: 0
2025/03/21-23:29:28.021081 ffff43dfcc40             Options.two_write_queues: 0
2025/03/21-23:29:28.021081 ffff43dfcc40             Options.manual_wal_flush: 0
2025/03/21-23:29:28.021082 ffff43dfcc40             Options.atomic_flush: 0
2025/03/21-23:29:28.021083 ffff43dfcc40             Options.avoid_unnecessary_blocking_io: 0
2025/03/21-23:29:28.021086 ffff43dfcc40                 Options.persist_stats_to_disk: 0
2025/03/21-23:29:28.021086 ffff43dfcc40                 Options.write_dbid_to_manifest: 0
2025/03/21-23:29:28.021087 ffff43dfcc40                 Options.log_readahead_size: 0
2025/03/21-23:29:28.021088 ffff43dfcc40                 Options.file_checksum_gen_factory: Unknown
2025/03/21-23:29:28.021088 ffff43dfcc40                 Options.best_efforts_recovery: 0
2025/03/21-23:29:28.021089 ffff43dfcc40                Options.max_bgerror_resume_count: 2147483647
2025/03/21-23:29:28.021090 ffff43dfcc40            Options.bgerror_resume_retry_interval: 1000000
2025/03/21-23:29:28.021090 ffff43dfcc40             Options.allow_data_in_errors: 0
2025/03/21-23:29:28.021091 ffff43dfcc40             Options.db_host_id: __hostname__
2025/03/21-23:29:28.021105 ffff43dfcc40             Options.max_background_jobs: 16
2025/03/21-23:29:28.021105 ffff43dfcc40             Options.max_background_compactions: -1
2025/03/21-23:29:28.021106 ffff43dfcc40             Options.max_subcompactions: 1
2025/03/21-23:29:28.021107 ffff43dfcc40             Options.avoid_flush_during_shutdown: 0
2025/03/21-23:29:28.021107 ffff43dfcc40           Options.writable_file_max_buffer_size: 1048576
2025/03/21-23:29:28.021108 ffff43dfcc40             Options.delayed_write_rate : 16777216
2025/03/21-23:29:28.021109 ffff43dfcc40             Options.max_total_wal_size: 0
2025/03/21-23:29:28.021109 ffff43dfcc40             Options.delete_obsolete_files_period_micros: 21600000000
2025/03/21-23:29:28.021110 ffff43dfcc40                   Options.stats_dump_period_sec: 600
2025/03/21-23:29:28.021111 ffff43dfcc40                 Options.stats_persist_period_sec: 600
2025/03/21-23:29:28.021111 ffff43dfcc40                 Options.stats_history_buffer_size: 1048576
2025/03/21-23:29:28.021112 ffff43dfcc40                          Options.max_open_files: -1
2025/03/21-23:29:28.021112 ffff43dfcc40                          Options.bytes_per_sync: 0
2025/03/21-23:29:28.021113 ffff43dfcc40                      Options.wal_bytes_per_sync: 0
2025/03/21-23:29:28.021114 ffff43dfcc40                   Options.strict_bytes_per_sync: 0
2025/03/21-23:29:28.021114 ffff43dfcc40       Options.compaction_readahead_size: 0
2025/03/21-23:29:28.021115 ffff43dfcc40                  Options.max_background_flushes: -1
2025/03/21-23:29:28.021116 ffff43dfcc40 Compression algorithms supported:
2025/03/21-23:29:28.021117 ffff43dfcc40 	kZSTDNotFinalCompression supported: 0
2025/03/21-23:29:28.021118 ffff43dfcc40 	kZSTD supported: 0
2025/03/21-23:29:28.021118 ffff43dfcc40 	kXpressCompression supported: 0
2025/03/21-23:29:28.021290 ffff43dfcc40 	kLZ4HCCompression supported: 0
2025/03/21-23:29:28.021294 ffff43dfcc40 	kLZ4Compression supported: 0
2025/03/21-23:29:28.021294 ffff43dfcc40 	kBZip2Compression supported: 0
2025/03/21-23:29:28.021295 ffff43dfcc40 	kZlibCompression supported: 1
2025/03/21-23:29:28.021296 ffff43dfcc40 	kSnappyCompression supported: 1
2025/03/21-23:29:28.021298 ffff43dfcc40 Fast CRC32 supported: Supported on Arm64
2025/03/21-23:29:28.022830 ffff43dfcc40 [/db_impl/db_impl_open.cc:285] Creating manifest 1 
2025/03/21-23:29:28.025834 ffff43dfcc40 [/version_set.cc:4626] Recovering from manifest file: /data/db/MANIFEST-000001
2025/03/21-23:29:28.026045 ffff43dfcc40 [/column_family.cc:596] --------------- Options for column family [default]:
2025/03/21-23:29:28.026048 ffff43dfcc40               Options.comparator: leveldb.BytewiseComparator
2025/03/21-23:29:28.026050 ffff43dfcc40           Options.merge_operator: UInt64AddOperator
2025/03/21-23:29:28.026051 ffff43dfcc40        Options.compaction_filter: None
2025/03/21-23:29:28.026051 ffff43dfcc40        Options.compaction_filter_factory: None
2025/03/21-23:29:28.026052 ffff43dfcc40  Options.sst_partitioner_factory: None
2025/03/21-23:29:28.026053 ffff43dfcc40         Options.memtable_factory: SkipListFactory
2025/03/21-23:29:28.026053 ffff43dfcc40            Options.table_factory: BlockBasedTable
2025/03/21-23:29:28.026070 ffff43dfcc40            table_factory options:   flush_block_policy_factory: FlushBlockBySizePolicyFactory (0xffffb9e17018)
  cache_index_and_filter_blocks: 0
  cache_index_and_filter_blocks_with_high_priority: 1
  pin_l0_filter_and_index_blocks_in_cache: 0
  pin_top_level_index_and_filter: 1
  index_type: 0
  data_block_index_type: 0
  index_shortening: 1
  data_block_hash_table_util_ratio: 0.750000
  hash_index_allow_collision: 1
  checksum: 1
  no_block_cache: 0
  block_cache: 0xffffb8ac2dd0
  block_cache_name: LRUCache
  block_cache_options:
    capacity : 8388608
    num_shard_bits : 4
    strict_capacity_limit : 0
    memory_allocator : None
    high_pri_pool_ratio: 0.000
  block_cache_compressed: (nil)
  persistent_cache: (nil)
  block_size: 4096
  block_size_deviation: 10
  block_restart_interval: 16
  index_block_restart_interval: 1
  metadata_block_size: 4096
  partition_filters: 0
  use_delta_encoding: 1
  filter_policy: nullptr
  whole_key_filtering: 1
  verify_compression: 0
  read_amp_bytes_per_bit: 0
  format_version: 5
  enable_index_compression: 1
  block_align: 0
2025/03/21-23:29:28.026073 ffff43dfcc40        Options.write_buffer_size: 4194304
2025/03/21-23:29:28.026074 ffff43dfcc40  Options.max_write_buffer_number: 2
2025/03/21-23:29:28.026075 ffff43dfcc40        Options.compression[0]: NoCompression
2025/03/21-23:29:28.026075 ffff43dfcc40        Options.compression[1]: NoCompression
2025/03/21-23:29:28.026076 ffff43dfcc40        Options.compression[2]: Snappy
2025/03/21-23:29:28.026077 ffff43dfcc40        Options.compression[3]: Snappy
2025/03/21-23:29:28.026077 ffff43dfcc40        Options.compression[4]: Snappy
2025/03/21-23:29:28.026078 ffff43dfcc40        Options.compression[5]: Snappy
2025/03/21-23:29:28.026079 ffff43dfcc40        Options.compression[6]: Snappy
2025/03/21-23:29:28.026079 ffff43dfcc40                  Options.bottommost_compression: Disabled
2025/03/21-23:29:28.026089 ffff43dfcc40       Options.prefix_extractor: nullptr
2025/03/21-23:29:28.026091 ffff43dfcc40   Options.memtable_insert_with_hint_prefix_extractor: nullptr
2025/03/21-23:29:28.026106 ffff43dfcc40             Options.num_levels: 7
2025/03/21-23:29:28.026107 ffff43dfcc40        Options.min_write_buffer_number_to_merge: 1
2025/03/21-23:29:28.026108 ffff43dfcc40     Options.max_write_buffer_number_to_maintain: 0
2025/03/21-23:29:28.026108 ffff43dfcc40     Options.max_write_buffer_size_to_maintain: 0
2025/03/21-23:29:28.026109 ffff43dfcc40            Options.bottommost_compression_opts.window_bits: -14
2025/03/21-23:29:28.026110 ffff43dfcc40                  Options.bottommost_compression_opts.level: 32767
2025/03/21-23:29:28.026509 ffff43dfcc40               Options.bottommost_compression_opts.strategy: 0
2025/03/21-23:29:28.026511 ffff43dfcc40         Options.bottommost_compression_opts.max_dict_bytes: 0
2025/03/21-23:29:28.026511 ffff43dfcc40         Options.bottommost_compression_opts.zstd_max_train_bytes: 0
2025/03/21-23:29:28.026512 ffff43dfcc40         Options.bottommost_compression_opts.parallel_threads: 1
2025/03/21-23:29:28.026513 ffff43dfcc40                  Options.bottommost_compression_opts.enabled: false
2025/03/21-23:29:28.026514 ffff43dfcc40         Options.bottommost_compression_opts.max_dict_buffer_bytes: 0
2025/03/21-23:29:28.026514 ffff43dfcc40            Options.compression_opts.window_bits: -14
2025/03/21-23:29:28.026515 ffff43dfcc40                  Options.compression_opts.level: 32767
2025/03/21-23:29:28.026516 ffff43dfcc40               Options.compression_opts.strategy: 0
2025/03/21-23:29:28.026517 ffff43dfcc40         Options.compression_opts.max_dict_bytes: 0
2025/03/21-23:29:28.026517 ffff43dfcc40         Options.compression_opts.zstd_max_train_bytes: 0
2025/03/21-23:29:28.026518 ffff43dfcc40         Options.compression_opts.parallel_threads: 1
2025/03/21-23:29:28.026518 ffff43dfcc40                  Options.compression_opts.enabled: false
2025/03/21-23:29:28.026519 ffff43dfcc40         Options.compression_opts.max_dict_buffer_bytes: 0
2025/03/21-23:29:28.026520 ffff43dfcc40      Options.level0_file_num_compaction_trigger: 2
2025/03/21-23:29:28.026521 ffff43dfcc40          Options.level0_slowdown_writes_trigger: 20
2025/03/21-23:29:28.026521 ffff43dfcc40              Options.level0_stop_writes_trigger: 36
2025/03/21-23:29:28.026522 ffff43dfcc40                   Options.target_file_size_base: 67108864
2025/03/21-23:29:28.026522 ffff43dfcc40             Options.target_file_size_multiplier: 1
2025/03/21-23:29:28.026523 ffff43dfcc40                Options.max_bytes_for_level_base: 536870912
2025/03/21-23:29:28.026524 ffff43dfcc40 Options.level_compaction_dynamic_level_bytes: 0
2025/03/21-23:29:28.026526 ffff43dfcc40          Options.max_bytes_for_level_multiplier: 10.000000
2025/03/21-23:29:28.026527 ffff43dfcc40 Options.max_bytes_for_level_multiplier_addtl[0]: 1
2025/03/21-23:29:28.026527 ffff43dfcc40 Options.max_bytes_for_level_multiplier_addtl[1]: 1
2025/03/21-23:29:28.026528 ffff43dfcc40 Options.max_bytes_for_level_multiplier_addtl[2]: 1
2025/03/21-23:29:28.026529 ffff43dfcc40 Options.max_bytes_for_level_multiplier_addtl[3]: 1
2025/03/21-23:29:28.026529 ffff43dfcc40 Options.max_bytes_for_level_multiplier_addtl[4]: 1
2025/03/21-23:29:28.026530 ffff43dfcc40 Options.max_bytes_for_level_multiplier_addtl[5]: 1
2025/03/21-23:29:28.026531 ffff43dfcc40 Options.max_bytes_for_level_multiplier_addtl[6]: 1
2025/03/21-23:29:28.026531 ffff43dfcc40       Options.max_sequential_skip_in_iterations: 8
2025/03/21-23:29:28.026532 ffff43dfcc40                    Options.max_compaction_bytes: 1677721600
2025/03/21-23:29:28.026533 ffff43dfcc40                        Options.arena_block_size: 524288
2025/03/21-23:29:28.026535 ffff43dfcc40   Options.soft_pending_compaction_bytes_limit: 68719476736
2025/03/21-23:29:28.026535 ffff43dfcc40   Options.hard_pending_compaction_bytes_limit: 274877906944
2025/03/21-23:29:28.026536 ffff43dfcc40       Options.rate_limit_delay_max_milliseconds: 100
2025/03/21-23:29:28.026537 ffff43dfcc40                Options.disable_auto_compactions: 0
2025/03/21-23:29:28.026538 ffff43dfcc40                        Options.compaction_style: kCompactionStyleLevel
2025/03/21-23:29:28.026539 ffff43dfcc40                          Options.compaction_pri: kMinOverlappingRatio
2025/03/21-23:29:28.026541 ffff43dfcc40 Options.compaction_options_universal.size_ratio: 1
2025/03/21-23:29:28.026542 ffff43dfcc40 Options.compaction_options_universal.min_merge_width: 2
2025/03/21-23:29:28.026542 ffff43dfcc40 Options.compaction_options_universal.max_merge_width: 4294967295
2025/03/21-23:29:28.026543 ffff43dfcc40 Options.compaction_options_universal.max_size_amplification_percent: 200
2025/03/21-23:29:28.026544 ffff43dfcc40 Options.compaction_options_universal.compression_size_percent: -1
2025/03/21-23:29:28.026834 ffff43dfcc40 Options.compaction_options_universal.stop_style: kCompactionStopStyleTotalSize
2025/03/21-23:29:28.026836 ffff43dfcc40 Options.compaction_options_fifo.max_table_files_size: 1073741824
2025/03/21-23:29:28.026837 ffff43dfcc40 Options.compaction_options_fifo.allow_compaction: 0
2025/03/21-23:29:28.026841 ffff43dfcc40                   Options.table_properties_collectors: 
2025/03/21-23:29:28.026842 ffff43dfcc40                   Options.inplace_update_support: 0
2025/03/21-23:29:28.026842 ffff43dfcc40                 Options.inplace_update_num_locks: 10000
2025/03/21-23:29:28.026844 ffff43dfcc40               Options.memtable_prefix_bloom_size_ratio: 0.000000
2025/03/21-23:29:28.026844 ffff43dfcc40               Options.memtable_whole_key_filtering: 0
2025/03/21-23:29:28.026845 ffff43dfcc40   Options.memtable_huge_page_size: 0
2025/03/21-23:29:28.026846 ffff43dfcc40                           Options.bloom_locality: 0
2025/03/21-23:29:28.026846 ffff43dfcc40                    Options.max_successive_merges: 0
2025/03/21-23:29:28.026847 ffff43dfcc40                Options.optimize_filters_for_hits: 0
2025/03/21-23:29:28.026848 ffff43dfcc40                Options.paranoid_file_checks: 0
2025/03/21-23:29:28.026848 ffff43dfcc40                Options.force_consistency_checks: 1
2025/03/21-23:29:28.026849 ffff43dfcc40                Options.report_bg_io_stats: 0
2025/03/21-23:29:28.026850 ffff43dfcc40                               Options.ttl: 2592000
2025/03/21-23:29:28.026850 ffff43dfcc40          Options.periodic_compaction_seconds: 0
2025/03/21-23:29:28.026851 ffff43dfcc40                    Options.enable_blob_files: false
2025/03/21-23:29:28.026851 ffff43dfcc40                        Options.min_blob_size: 0
2025/03/21-23:29:28.026852 ffff43dfcc40                       Options.blob_file_size: 268435456
2025/03/21-23:29:28.026853 ffff43dfcc40                Options.blob_compression_type: NoCompression
2025/03/21-23:29:28.026854 ffff43dfcc40       Options.enable_blob_garbage_collection: false
2025/03/21-23:29:28.026855 ffff43dfcc40   Options.blob_garbage_collection_age_cutoff: 0.250000
2025/03/21-23:29:28.028702 ffff43dfcc40 [/version_set.cc:4666] Recovered from manifest file:/data/db/MANIFEST-000001 succeeded,manifest_file_number is 1, next_file_number is 3, last_sequence is 0, log_number is 0,prev_log_number is 0,max_column_family is 0,min_log_number_to_keep is 0
2025/03/21-23:29:28.028705 ffff43dfcc40 [/version_set.cc:4681] Column family [default] (ID 0), log number is 0
2025/03/21-23:29:28.029246 ffff43dfcc40 [/version_set.cc:4118] Creating manifest 4
2025/03/21-23:29:28.033495 ffff43dfcc40 [/db_impl/db_impl_open.cc:1756] SstFileManager instance 0xffffb8a7d080
2025/03/21-23:29:28.033787 ffff43dfcc40 DB pointer 0xffffb8ad9800
2025/03/21-23:29:34.035033 ffff3d11cc40 [/db_impl/db_impl.cc:931] ------- DUMPING STATS -------
2025/03/21-23:29:34.035551 ffff3d11cc40 [/db_impl/db_impl.cc:933] 
** DB Stats **
Uptime(secs): 6.0 total, 6.0 interval
Cumulative writes: 0 writes, 0 keys, 0 commit groups, 0.0 writes per commit group, ingest: 0.00 GB, 0.00 MB/s
Cumulative WAL: 0 writes, 0 syncs, 0.00 writes per sync, written: 0.00 GB, 0.00 MB/s
Cumulative stall: 00:00:0.000 H:M:S, 0.0 percent
Interval writes: 0 writes, 0 keys, 0 commit groups, 0.0 writes per commit group, ingest: 0.00 MB, 0.00 MB/s
Interval WAL: 0 writes, 0 syncs, 0.00 writes per sync, written: 0.00 MB, 0.00 MB/s
Interval stall: 00:00:0.000 H:M:S, 0.0 percent

** Compaction Stats [default] **
Level    Files   Size     Score Read(GB)  Rn(GB) Rnp1(GB) Write(GB) Wnew(GB) Moved(GB) W-Amp Rd(MB/s) Wr(MB/s) Comp(sec) CompMergeCPU(sec) Comp(cnt) Avg(sec) KeyIn KeyDrop Rblob(GB) Wblob(GB)
------------------------------------------------------------------------------------------------------------------------------------------------------------------------------------------------
 Sum      0/0    0.00 KB   0.0      0.0     0.0      0.0       0.0      0.0       0.0   0.0      0.0      0.0      0.00              0.00         0    0.000       0      0       0.0       0.0
 Int      0/0    0.00 KB   0.0      0.0     0.0      0.0       0.0      0.0       0.0   0.0      0.0      0.0      0.00              0.00         0    0.000       0      0       0.0       0.0

** Compaction Stats [default] **
Priority    Files   Size     Score Read(GB)  Rn(GB) Rnp1(GB) Write(GB) Wnew(GB) Moved(GB) W-Amp Rd(MB/s) Wr(MB/s) Comp(sec) CompMergeCPU(sec) Comp(cnt) Avg(sec) KeyIn KeyDrop Rblob(GB) Wblob(GB)
---------------------------------------------------------------------------------------------------------------------------------------------------------------------------------------------------

Blob file count: 0, total size: 0.0 GB

Uptime(secs): 6.0 total, 6.0 interval
Flush(GB): cumulative 0.000, interval 0.000
AddFile(GB): cumulative 0.000, interval 0.000
AddFile(Total Files): cumulative 0, interval 0
AddFile(L0 Files): cumulative 0, interval 0
AddFile(Keys): cumulative 0, interval 0
Cumulative compaction: 0.00 GB write, 0.00 MB/s write, 0.00 GB read, 0.00 MB/s read, 0.0 seconds
Interval compaction: 0.00 GB write, 0.00 MB/s write, 0.00 GB read, 0.00 MB/s read, 0.0 seconds
Stalls(count): 0 level0_slowdown, 0 level0_slowdown_with_compaction, 0 level0_numfiles, 0 level0_numfiles_with_compaction, 0 stop for pending_compaction_bytes, 0 slowdown for pending_compaction_bytes, 0 memtable_compaction, 0 memtable_slowdown, interval 0 total count

** File Read Latency Histogram By Level [default] **

** Compaction Stats [default] **
Level    Files   Size     Score Read(GB)  Rn(GB) Rnp1(GB) Write(GB) Wnew(GB) Moved(GB) W-Amp Rd(MB/s) Wr(MB/s) Comp(sec) CompMergeCPU(sec) Comp(cnt) Avg(sec) KeyIn KeyDrop Rblob(GB) Wblob(GB)
------------------------------------------------------------------------------------------------------------------------------------------------------------------------------------------------
 Sum      0/0    0.00 KB   0.0      0.0     0.0      0.0       0.0      0.0       0.0   0.0      0.0      0.0      0.00              0.00         0    0.000       0      0       0.0       0.0
 Int      0/0    0.00 KB   0.0      0.0     0.0      0.0       0.0      0.0       0.0   0.0      0.0      0.0      0.00              0.00         0    0.000       0      0       0.0       0.0

** Compaction Stats [default] **
Priority    Files   Size     Score Read(GB)  Rn(GB) Rnp1(GB) Write(GB) Wnew(GB) Moved(GB) W-Amp Rd(MB/s) Wr(MB/s) Comp(sec) CompMergeCPU(sec) Comp(cnt) Avg(sec) KeyIn KeyDrop Rblob(GB) Wblob(GB)
---------------------------------------------------------------------------------------------------------------------------------------------------------------------------------------------------

Blob file count: 0, total size: 0.0 GB

Uptime(secs): 6.0 total, 0.0 interval
Flush(GB): cumulative 0.000, interval 0.000
AddFile(GB): cumulative 0.000, interval 0.000
AddFile(Total Files): cumulative 0, interval 0
AddFile(L0 Files): cumulative 0, interval 0
AddFile(Keys): cumulative 0, interval 0
Cumulative compaction: 0.00 GB write, 0.00 MB/s write, 0.00 GB read, 0.00 MB/s read, 0.0 seconds
Interval compaction: 0.00 GB write, 0.00 MB/s write, 0.00 GB read, 0.00 MB/s read, 0.0 seconds
Stalls(count): 0 level0_slowdown, 0 level0_slowdown_with_compaction, 0 level0_numfiles, 0 level0_numfiles_with_compaction, 0 stop for pending_compaction_bytes, 0 slowdown for pending_compaction_bytes, 0 memtable_compaction, 0 memtable_slowdown, interval 0 total count

** File Read Latency Histogram By Level [default] **
2025/03/21-23:39:34.037440 ffff3d11cc40 [/db_impl/db_impl.cc:931] ------- DUMPING STATS -------
2025/03/21-23:39:34.039290 ffff3d11cc40 [/db_impl/db_impl.cc:933] 
** DB Stats **
Uptime(secs): 606.0 total, 600.0 interval
Cumulative writes: 3 writes, 5 keys, 3 commit groups, 0.8 writes per commit group, ingest: 0.00 GB, 0.00 MB/s
Cumulative WAL: 1 writes, 0 syncs, 1.00 writes per sync, written: 0.00 GB, 0.00 MB/s
Cumulative stall: 00:00:0.000 H:M:S, 0.0 percent
Interval writes: 3 writes, 5 keys, 3 commit groups, 0.8 writes per commit group, ingest: 0.00 MB, 0.00 MB/s
Interval WAL: 1 writes, 0 syncs, 1.00 writes per sync, written: 0.00 MB, 0.00 MB/s
Interval stall: 00:00:0.000 H:M:S, 0.0 percent

** Compaction Stats [default] **
Level    Files   Size     Score Read(GB)  Rn(GB) Rnp1(GB) Write(GB) Wnew(GB) Moved(GB) W-Amp Rd(MB/s) Wr(MB/s) Comp(sec) CompMergeCPU(sec) Comp(cnt) Avg(sec) KeyIn KeyDrop Rblob(GB) Wblob(GB)
------------------------------------------------------------------------------------------------------------------------------------------------------------------------------------------------
 Sum      0/0    0.00 KB   0.0      0.0     0.0      0.0       0.0      0.0       0.0   0.0      0.0      0.0      0.00              0.00         0    0.000       0      0       0.0       0.0
 Int      0/0    0.00 KB   0.0      0.0     0.0      0.0       0.0      0.0       0.0   0.0      0.0      0.0      0.00              0.00         0    0.000       0      0       0.0       0.0

** Compaction Stats [default] **
Priority    Files   Size     Score Read(GB)  Rn(GB) Rnp1(GB) Write(GB) Wnew(GB) Moved(GB) W-Amp Rd(MB/s) Wr(MB/s) Comp(sec) CompMergeCPU(sec) Comp(cnt) Avg(sec) KeyIn KeyDrop Rblob(GB) Wblob(GB)
---------------------------------------------------------------------------------------------------------------------------------------------------------------------------------------------------

Blob file count: 0, total size: 0.0 GB

Uptime(secs): 606.0 total, 600.0 interval
Flush(GB): cumulative 0.000, interval 0.000
AddFile(GB): cumulative 0.000, interval 0.000
AddFile(Total Files): cumulative 0, interval 0
AddFile(L0 Files): cumulative 0, interval 0
AddFile(Keys): cumulative 0, interval 0
Cumulative compaction: 0.00 GB write, 0.00 MB/s write, 0.00 GB read, 0.00 MB/s read, 0.0 seconds
Interval compaction: 0.00 GB write, 0.00 MB/s write, 0.00 GB read, 0.00 MB/s read, 0.0 seconds
Stalls(count): 0 level0_slowdown, 0 level0_slowdown_with_compaction, 0 level0_numfiles, 0 level0_numfiles_with_compaction, 0 stop for pending_compaction_bytes, 0 slowdown for pending_compaction_bytes, 0 memtable_compaction, 0 memtable_slowdown, interval 0 total count

** File Read Latency Histogram By Level [default] **

** Compaction Stats [default] **
Level    Files   Size     Score Read(GB)  Rn(GB) Rnp1(GB) Write(GB) Wnew(GB) Moved(GB) W-Amp Rd(MB/s) Wr(MB/s) Comp(sec) CompMergeCPU(sec) Comp(cnt) Avg(sec) KeyIn KeyDrop Rblob(GB) Wblob(GB)
------------------------------------------------------------------------------------------------------------------------------------------------------------------------------------------------
 Sum      0/0    0.00 KB   0.0      0.0     0.0      0.0       0.0      0.0       0.0   0.0      0.0      0.0      0.00              0.00         0    0.000       0      0       0.0       0.0
 Int      0/0    0.00 KB   0.0      0.0     0.0      0.0       0.0      0.0       0.0   0.0      0.0      0.0      0.00              0.00         0    0.000       0      0       0.0       0.0

** Compaction Stats [default] **
Priority    Files   Size     Score Read(GB)  Rn(GB) Rnp1(GB) Write(GB) Wnew(GB) Moved(GB) W-Amp Rd(MB/s) Wr(MB/s) Comp(sec) CompMergeCPU(sec) Comp(cnt) Avg(sec) KeyIn KeyDrop Rblob(GB) Wblob(GB)
---------------------------------------------------------------------------------------------------------------------------------------------------------------------------------------------------

Blob file count: 0, total size: 0.0 GB

Uptime(secs): 606.0 total, 0.0 interval
Flush(GB): cumulative 0.000, interval 0.000
AddFile(GB): cumulative 0.000, interval 0.000
AddFile(Total Files): cumulative 0, interval 0
AddFile(L0 Files): cumulative 0, interval 0
AddFile(Keys): cumulative 0, interval 0
Cumulative compaction: 0.00 GB write, 0.00 MB/s write, 0.00 GB read, 0.00 MB/s read, 0.0 seconds
Interval compaction: 0.00 GB write, 0.00 MB/s write, 0.00 GB read, 0.00 MB/s read, 0.0 seconds
Stalls(count): 0 level0_slowdown, 0 level0_slowdown_with_compaction, 0 level0_numfiles, 0 level0_numfiles_with_compaction, 0 stop for pending_compaction_bytes, 0 slowdown for pending_compaction_bytes, 0 memtable_compaction, 0 memtable_slowdown, interval 0 total count

** File Read Latency Histogram By Level [default] **
2025/03/21-23:49:34.042783 ffff3d11cc40 [/db_impl/db_impl.cc:931] ------- DUMPING STATS -------
2025/03/21-23:49:34.045431 ffff3d11cc40 [/db_impl/db_impl.cc:933] 
** DB Stats **
Uptime(secs): 1206.0 total, 600.0 interval
Cumulative writes: 3 writes, 5 keys, 3 commit groups, 0.8 writes per commit group, ingest: 0.00 GB, 0.00 MB/s
Cumulative WAL: 1 writes, 0 syncs, 1.00 writes per sync, written: 0.00 GB, 0.00 MB/s
Cumulative stall: 00:00:0.000 H:M:S, 0.0 percent
Interval writes: 0 writes, 0 keys, 0 commit groups, 0.0 writes per commit group, ingest: 0.00 MB, 0.00 MB/s
Interval WAL: 0 writes, 0 syncs, 0.00 writes per sync, written: 0.00 MB, 0.00 MB/s
Interval stall: 00:00:0.000 H:M:S, 0.0 percent

** Compaction Stats [default] **
Level    Files   Size     Score Read(GB)  Rn(GB) Rnp1(GB) Write(GB) Wnew(GB) Moved(GB) W-Amp Rd(MB/s) Wr(MB/s) Comp(sec) CompMergeCPU(sec) Comp(cnt) Avg(sec) KeyIn KeyDrop Rblob(GB) Wblob(GB)
------------------------------------------------------------------------------------------------------------------------------------------------------------------------------------------------
 Sum      0/0    0.00 KB   0.0      0.0     0.0      0.0       0.0      0.0       0.0   0.0      0.0      0.0      0.00              0.00         0    0.000       0      0       0.0       0.0
 Int      0/0    0.00 KB   0.0      0.0     0.0      0.0       0.0      0.0       0.0   0.0      0.0      0.0      0.00              0.00         0    0.000       0      0       0.0       0.0

** Compaction Stats [default] **
Priority    Files   Size     Score Read(GB)  Rn(GB) Rnp1(GB) Write(GB) Wnew(GB) Moved(GB) W-Amp Rd(MB/s) Wr(MB/s) Comp(sec) CompMergeCPU(sec) Comp(cnt) Avg(sec) KeyIn KeyDrop Rblob(GB) Wblob(GB)
---------------------------------------------------------------------------------------------------------------------------------------------------------------------------------------------------

Blob file count: 0, total size: 0.0 GB

Uptime(secs): 1206.0 total, 600.0 interval
Flush(GB): cumulative 0.000, interval 0.000
AddFile(GB): cumulative 0.000, interval 0.000
AddFile(Total Files): cumulative 0, interval 0
AddFile(L0 Files): cumulative 0, interval 0
AddFile(Keys): cumulative 0, interval 0
Cumulative compaction: 0.00 GB write, 0.00 MB/s write, 0.00 GB read, 0.00 MB/s read, 0.0 seconds
Interval compaction: 0.00 GB write, 0.00 MB/s write, 0.00 GB read, 0.00 MB/s read, 0.0 seconds
Stalls(count): 0 level0_slowdown, 0 level0_slowdown_with_compaction, 0 level0_numfiles, 0 level0_numfiles_with_compaction, 0 stop for pending_compaction_bytes, 0 slowdown for pending_compaction_bytes, 0 memtable_compaction, 0 memtable_slowdown, interval 0 total count

** File Read Latency Histogram By Level [default] **

** Compaction Stats [default] **
Level    Files   Size     Score Read(GB)  Rn(GB) Rnp1(GB) Write(GB) Wnew(GB) Moved(GB) W-Amp Rd(MB/s) Wr(MB/s) Comp(sec) CompMergeCPU(sec) Comp(cnt) Avg(sec) KeyIn KeyDrop Rblob(GB) Wblob(GB)
------------------------------------------------------------------------------------------------------------------------------------------------------------------------------------------------
 Sum      0/0    0.00 KB   0.0      0.0     0.0      0.0       0.0      0.0       0.0   0.0      0.0      0.0      0.00              0.00         0    0.000       0      0       0.0       0.0
 Int      0/0    0.00 KB   0.0      0.0     0.0      0.0       0.0      0.0       0.0   0.0      0.0      0.0      0.00              0.00         0    0.000       0      0       0.0       0.0

** Compaction Stats [default] **
Priority    Files   Size     Score Read(GB)  Rn(GB) Rnp1(GB) Write(GB) Wnew(GB) Moved(GB) W-Amp Rd(MB/s) Wr(MB/s) Comp(sec) CompMergeCPU(sec) Comp(cnt) Avg(sec) KeyIn KeyDrop Rblob(GB) Wblob(GB)
---------------------------------------------------------------------------------------------------------------------------------------------------------------------------------------------------

Blob file count: 0, total size: 0.0 GB

Uptime(secs): 1206.0 total, 0.0 interval
Flush(GB): cumulative 0.000, interval 0.000
AddFile(GB): cumulative 0.000, interval 0.000
AddFile(Total Files): cumulative 0, interval 0
AddFile(L0 Files): cumulative 0, interval 0
AddFile(Keys): cumulative 0, interval 0
Cumulative compaction: 0.00 GB write, 0.00 MB/s write, 0.00 GB read, 0.00 MB/s read, 0.0 seconds
Interval compaction: 0.00 GB write, 0.00 MB/s write, 0.00 GB read, 0.00 MB/s read, 0.0 seconds
Stalls(count): 0 level0_slowdown, 0 level0_slowdown_with_compaction, 0 level0_numfiles, 0 level0_numfiles_with_compaction, 0 stop for pending_compaction_bytes, 0 slowdown for pending_compaction_bytes, 0 memtable_compaction, 0 memtable_slowdown, interval 0 total count

** File Read Latency Histogram By Level [default] **
2025/03/21-23:59:34.046941 ffff3d11cc40 [/db_impl/db_impl.cc:931] ------- DUMPING STATS -------
2025/03/21-23:59:34.048008 ffff3d11cc40 [/db_impl/db_impl.cc:933] 
** DB Stats **
Uptime(secs): 1806.0 total, 600.0 interval
Cumulative writes: 3 writes, 5 keys, 3 commit groups, 0.8 writes per commit group, ingest: 0.00 GB, 0.00 MB/s
Cumulative WAL: 1 writes, 0 syncs, 1.00 writes per sync, written: 0.00 GB, 0.00 MB/s
Cumulative stall: 00:00:0.000 H:M:S, 0.0 percent
Interval writes: 0 writes, 0 keys, 0 commit groups, 0.0 writes per commit group, ingest: 0.00 MB, 0.00 MB/s
Interval WAL: 0 writes, 0 syncs, 0.00 writes per sync, written: 0.00 MB, 0.00 MB/s
Interval stall: 00:00:0.000 H:M:S, 0.0 percent

** Compaction Stats [default] **
Level    Files   Size     Score Read(GB)  Rn(GB) Rnp1(GB) Write(GB) Wnew(GB) Moved(GB) W-Amp Rd(MB/s) Wr(MB/s) Comp(sec) CompMergeCPU(sec) Comp(cnt) Avg(sec) KeyIn KeyDrop Rblob(GB) Wblob(GB)
------------------------------------------------------------------------------------------------------------------------------------------------------------------------------------------------
 Sum      0/0    0.00 KB   0.0      0.0     0.0      0.0       0.0      0.0       0.0   0.0      0.0      0.0      0.00              0.00         0    0.000       0      0       0.0       0.0
 Int      0/0    0.00 KB   0.0      0.0     0.0      0.0       0.0      0.0       0.0   0.0      0.0      0.0      0.00              0.00         0    0.000       0      0       0.0       0.0

** Compaction Stats [default] **
Priority    Files   Size     Score Read(GB)  Rn(GB) Rnp1(GB) Write(GB) Wnew(GB) Moved(GB) W-Amp Rd(MB/s) Wr(MB/s) Comp(sec) CompMergeCPU(sec) Comp(cnt) Avg(sec) KeyIn KeyDrop Rblob(GB) Wblob(GB)
---------------------------------------------------------------------------------------------------------------------------------------------------------------------------------------------------

Blob file count: 0, total size: 0.0 GB

Uptime(secs): 1806.0 total, 600.0 interval
Flush(GB): cumulative 0.000, interval 0.000
AddFile(GB): cumulative 0.000, interval 0.000
AddFile(Total Files): cumulative 0, interval 0
AddFile(L0 Files): cumulative 0, interval 0
AddFile(Keys): cumulative 0, interval 0
Cumulative compaction: 0.00 GB write, 0.00 MB/s write, 0.00 GB read, 0.00 MB/s read, 0.0 seconds
Interval compaction: 0.00 GB write, 0.00 MB/s write, 0.00 GB read, 0.00 MB/s read, 0.0 seconds
Stalls(count): 0 level0_slowdown, 0 level0_slowdown_with_compaction, 0 level0_numfiles, 0 level0_numfiles_with_compaction, 0 stop for pending_compaction_bytes, 0 slowdown for pending_compaction_bytes, 0 memtable_compaction, 0 memtable_slowdown, interval 0 total count

** File Read Latency Histogram By Level [default] **

** Compaction Stats [default] **
Level    Files   Size     Score Read(GB)  Rn(GB) Rnp1(GB) Write(GB) Wnew(GB) Moved(GB) W-Amp Rd(MB/s) Wr(MB/s) Comp(sec) CompMergeCPU(sec) Comp(cnt) Avg(sec) KeyIn KeyDrop Rblob(GB) Wblob(GB)
------------------------------------------------------------------------------------------------------------------------------------------------------------------------------------------------
 Sum      0/0    0.00 KB   0.0      0.0     0.0      0.0       0.0      0.0       0.0   0.0      0.0      0.0      0.00              0.00         0    0.000       0      0       0.0       0.0
 Int      0/0    0.00 KB   0.0      0.0     0.0      0.0       0.0      0.0       0.0   0.0      0.0      0.0      0.00              0.00         0    0.000       0      0       0.0       0.0

** Compaction Stats [default] **
Priority    Files   Size     Score Read(GB)  Rn(GB) Rnp1(GB) Write(GB) Wnew(GB) Moved(GB) W-Amp Rd(MB/s) Wr(MB/s) Comp(sec) CompMergeCPU(sec) Comp(cnt) Avg(sec) KeyIn KeyDrop Rblob(GB) Wblob(GB)
---------------------------------------------------------------------------------------------------------------------------------------------------------------------------------------------------

Blob file count: 0, total size: 0.0 GB

Uptime(secs): 1806.0 total, 0.0 interval
Flush(GB): cumulative 0.000, interval 0.000
AddFile(GB): cumulative 0.000, interval 0.000
AddFile(Total Files): cumulative 0, interval 0
AddFile(L0 Files): cumulative 0, interval 0
AddFile(Keys): cumulative 0, interval 0
Cumulative compaction: 0.00 GB write, 0.00 MB/s write, 0.00 GB read, 0.00 MB/s read, 0.0 seconds
Interval compaction: 0.00 GB write, 0.00 MB/s write, 0.00 GB read, 0.00 MB/s read, 0.0 seconds
Stalls(count): 0 level0_slowdown, 0 level0_slowdown_with_compaction, 0 level0_numfiles, 0 level0_numfiles_with_compaction, 0 stop for pending_compaction_bytes, 0 slowdown for pending_compaction_bytes, 0 memtable_compaction, 0 memtable_slowdown, interval 0 total count

** File Read Latency Histogram By Level [default] **
2025/03/22-00:09:34.049445 ffff3d11cc40 [/db_impl/db_impl.cc:931] ------- DUMPING STATS -------
2025/03/22-00:09:34.051100 ffff3d11cc40 [/db_impl/db_impl.cc:933] 
** DB Stats **
Uptime(secs): 2406.0 total, 600.0 interval
Cumulative writes: 3 writes, 5 keys, 3 commit groups, 0.8 writes per commit group, ingest: 0.00 GB, 0.00 MB/s
Cumulative WAL: 1 writes, 0 syncs, 1.00 writes per sync, written: 0.00 GB, 0.00 MB/s
Cumulative stall: 00:00:0.000 H:M:S, 0.0 percent
Interval writes: 0 writes, 0 keys, 0 commit groups, 0.0 writes per commit group, ingest: 0.00 MB, 0.00 MB/s
Interval WAL: 0 writes, 0 syncs, 0.00 writes per sync, written: 0.00 MB, 0.00 MB/s
Interval stall: 00:00:0.000 H:M:S, 0.0 percent

** Compaction Stats [default] **
Level    Files   Size     Score Read(GB)  Rn(GB) Rnp1(GB) Write(GB) Wnew(GB) Moved(GB) W-Amp Rd(MB/s) Wr(MB/s) Comp(sec) CompMergeCPU(sec) Comp(cnt) Avg(sec) KeyIn KeyDrop Rblob(GB) Wblob(GB)
------------------------------------------------------------------------------------------------------------------------------------------------------------------------------------------------
 Sum      0/0    0.00 KB   0.0      0.0     0.0      0.0       0.0      0.0       0.0   0.0      0.0      0.0      0.00              0.00         0    0.000       0      0       0.0       0.0
